47601623545958333801
49676484941311889662
17884547376066166362
17386263574311269952
59784290357791108571
35045867653171587190
81336620484003493640
64884776932851711687
15999869454759502901
58435657975183686073
11868264629568430795
10435651850373884218
74591638253414932094
68867487057817874706
14146633669325700103
12356371863782557565
17647796691829967443
11249872330276879930
13258747247253494524
19294993147896572237
90976399042571157044
12789811737875466143
89942506710719239328
12943877855503383631
36350863441569820948
63332145798941137752
12316111289997398046
89794241787859104921
51275677564226916435
55743625133091310449
95144447542328287592
61675066116945611614
74813089352801085434
61706660647468633280
49034209231816433535
10673826047331926739
91710119546382449007
17067965992320546493
67416170298147789699
66193582167221547320
90748340824102038027
12632483666290425235
60315656074226415608
12331234181875143466
41731191607952527984
69195031730455728474
75254180884761055986
10116628578989572173
11868911503269305270
16249405981305079405
44871920046907501771
76388037967888349876
11702529596078706196
11100366576471233606
56330531647287326238
15780440772118037889
17633553833265571258
12876331524056321763
65017854177304630466
15105421964374339636
29791602662082929985
53393348439595052312
63140225097171603253
16292862779036348384
64979826943954439314
81361842436590528522
13349812897194424953
13441881787006165329
12618484687081751037
38974876575535484433
55229834906257473848
79666965694114019274
15909400630196411623
18666979457307300477
11313511642981331482
39371321679916880655
16872555590678773722
17563756561916475800
96683477659642317516
10585453481818274983
13597714861188611285
12431143121995090725
17794050499067859288
16162520970796263009
78166757614793692413
12447912128612582492
95115793410519972661
11511613632673645181
18037542448211613363
13357895706998138092
17322369468657335671
25930904579302034606
13954054075697945652
60112380462383608180
14256541391294939836
10262712062710228142
15234673101048491345
95006035982179112766
65520877389661515854
48699940771110479861
