12, 10, 52(1), 9, 77, 23, 18, 52(2), 11, 25, 8, 5, 17

12, 10, 5, 9, 77, 23, 18, 52(2), 11, 25, 8, 52(1), 17

12, 10, 5, 9, 8, 23, 18, 52(2), 11, 25, 77, 52(1), 17

12, 10, 5, 9, 8, 11, 18, 52(2), 23, 25, 77, 52(1), 17

12, 10, 5, 9, 8, 11, 17, 18, 52(2), 23, 25, 77, 52(1)

8, 10, 5, 9, 12, 11, 17, 18, 25, 23, 52(2), 77, 52(1)

8, 10, 5, 9, 11, 12, 17, 18, 25, 23, 52(1), 52(2), 77

8, 5, 10, 9, 11, 12, 17, 18, 23, 25, 52(1), 52(2), 77

8, 5, 9, 10, 11, 12, 17, 18, 23, 25, 52(1), 52(2), 77

5, 8, 9, 10, 11, 12, 17, 18, 23, 25, 52(1), 52(2), 77




12, 10, 52(1), 9, 77, 23, 18, 52(2), 11, 25, 8, 5, 17

12, 10, 5, 9, 77, 23, 18, 52(2), 11, 25, 8, 52(1), 17

12, 10, 5, 9, 8, 23, 18, 52(2), 11, 25, 77, 52(1), 17

12, 10, 5, 9, 8, 11, 18, 52(2), 23, 25, 77, 52(1), 17

12, 10, 5, 9, 8, 11, 17, 18, 52(2), 23, 25, 77, 52(1)

12, 10, 5, 11, 8, 9, 17

8, 10, 5, 11, 12, 9, 17

8, 5, 10, 11, 12, 9, 17

8, 5, 9, 10, 11, 12, 17

5, 8, 9, 10, 11, 12, 17

